{
	"asset": {
		"generator": "VISUALIZEGLTF",
		"version" : "2.0"
	},
	"extensionsUsed": [ "KHR_lights_punctual" ],
	"scenes": [
		{
			"name": "Default",
			"nodes": [
				0]
		}
	],
	"nodes": [
		{
			"children": [
				1, 5, 6, 7, 8, 9, 10, 11
			]
			,"name": "Raiz"		}
,
		{
			"children": [
				2
			]
			,"matrix": [
				1,					0,					0,					0,
				0,					1,					0,					0,
				0,					0,					1,					0,
				0,					0.02327649,					0,					1
			]
			,"name": "28196_VISUALIZE (Valor predeterminado)"		}
,
		{
			"children": [
				3, 4
			]
			,"name": "Peças mescladas"		}
,
		{
			"mesh": 0
			,"name": "Peça"		}
,
		{
			"mesh": 1
			,"name": "Peça 2"		}
,
		{
			"matrix": [
				0.9400051,					-0.03480043,					0.339381,					0,
				0.20658,					0.8497389,					-0.4850448,					0,
				-0.2715054,					0.5260538,					0.8059479,					0,
				-0.07516742,					0.1689167,					0.2231301,					1
			]
			,"camera": 0
			,"name": "SOLIDWORKS Viewport"		}
,
		{
			"matrix": [
				0.7071068,					0,					-0.7071068,					0,
				-0.1622216,					0.9733286,					-0.1622216,					0,
				0.6882472,					0.2294159,					0.6882472,					0,
				4.445094,					1.981699,					4.445094,					1
			]
			,"camera": 1
			,"name": "Default Camera"		}
,
		{
			"matrix": [
				0,					0,					-0.9999999,					0,
				-0.7071068,					0.7071068,					0,					0,
				0.7071068,					0.7071068,					0,					0,
				7.071068,					7.071068,					0,					1
			]
			,"extensions" : {
				"KHR_lights_punctual" : {
					"light" : 0
				}
			}
			,"name": "Direcional1"		}
,
		{
			"matrix": [
				-0.9019192,					0,					0.4319047,					0,
				0.2645487,					0.790458,					0.5524403,					0,
				-0.3414025,					0.6125164,					-0.7129292,					0,
				-3.414026,					6.125165,					-7.12929,					1
			]
			,"extensions" : {
				"KHR_lights_punctual" : {
					"light" : 1
				}
			}
			,"name": "Direcional2"		}
,
		{
			"matrix": [
				-0.1920117,					0,					0.9813927,					0,
				0.3346118,					0.9400793,					0.06546756,					0,
				-0.9225869,					0.3409561,					-0.1805062,					0,
				-9.225868,					3.40956,					-1.805061,					1
			]
			,"extensions" : {
				"KHR_lights_punctual" : {
					"light" : 2
				}
			}
			,"name": "Direcional3"		}
,
		{
			"name": "3 Point Faded"		}
,
		{
			"name": "3 Point Faded Backplate"		}
	],
	"cameras": [
		{
			"type": "perspective",
			"perspective" : {
				"aspectRatio": 1.25,
				"yfov" : 0.3215369,
				"zfar" : 100,
				"znear" : 0.01
			}
		}
,
		{
			"type": "perspective",
			"perspective" : {
				"aspectRatio": 1.777778,
				"yfov" : 0.2617994,
				"zfar" : 100,
				"znear" : 0.01
			}
		}
	],
	"extensions": {
		"KHR_lights_punctual" : {
			"lights": [
		{
			"name": "Direcional1[1]",
			"color": [
					0.5773503, 0.5773503, 0.5773503
				],
			"intensity": 0.5773503,
			"type": "directional"
		}
,
		{
			"name": "Direcional2[1]",
			"color": [
					0.5773503, 0.5773503, 0.5773503
				],
			"intensity": 0.5773503,
			"type": "directional"
		}
,
		{
			"name": "Direcional3[1]",
			"color": [
					0.5773503, 0.5773503, 0.5773503
				],
			"intensity": 0.5773503,
			"type": "directional"
		}

			]
		}
	},
	"meshes" : [
		{
			"primitives" : [
				{
					"attributes" : {
					"POSITION" : 1
					,"NORMAL" : 2
					,"TEXCOORD_0" : 3
					},
					"indices" : 0,
					"mode": 4,
					"material" : 0
				}
			]
		},
		{
			"primitives" : [
				{
					"attributes" : {
					"POSITION" : 5
					,"NORMAL" : 6
					,"TEXCOORD_0" : 7
					},
					"indices" : 4,
					"mode": 4,
					"material" : 1
				}
			]
		}
	],
	"accessors" : [
			{
				"bufferView": 3,
				"byteOffset" : 0,
				"componentType" : 5125,
				"count" : 28107,
				"type" : "SCALAR"
			},
			{
				"bufferView": 0,
				"byteOffset" : 0,
				"componentType" : 5126,
				"count" : 12155,
				"type" : "VEC3"
								,"min": [-0.0200478975,-0.022976486,-0.022976486]
								,"max": [0.0200478975,0.022976486,0.022976486]
			},
			{
				"bufferView": 1,
				"byteOffset" : 0,
				"componentType" : 5126,
				"count" : 12155,
				"type" : "VEC3"
			},
			{
				"bufferView": 2,
				"byteOffset" : 0,
				"componentType" : 5126,
				"count" : 12155,
				"type" : "VEC2"
			},
			{
				"bufferView": 7,
				"byteOffset" : 0,
				"componentType" : 5125,
				"count" : 4869,
				"type" : "SCALAR"
			},
			{
				"bufferView": 4,
				"byteOffset" : 0,
				"componentType" : 5126,
				"count" : 1943,
				"type" : "VEC3"
								,"min": [-0.0224756375,-0.00793858897,-0.00249999994]
								,"max": [0.0224755034,0.00793986022,0.00249999994]
			},
			{
				"bufferView": 5,
				"byteOffset" : 0,
				"componentType" : 5126,
				"count" : 1943,
				"type" : "VEC3"
			},
			{
				"bufferView": 6,
				"byteOffset" : 0,
				"componentType" : 5126,
				"count" : 1943,
				"type" : "VEC2"
			}
	],
	"materials": [
			{
				"name": "color(Legacy)",
				"emissiveFactor": [
					0, 0, 0
				]
				,"pbrMetallicRoughness": {
					"baseColorFactor": [
						0, 0.3469726, 0.8919146, 1
					]
					,"metallicFactor": 0
					,"roughnessFactor": 0.75016
				}
				,"alphaMode": "OPAQUE"
				,"doubleSided": true
			},
			{
				"name": "color(Legacy)-2",
				"emissiveFactor": [
					0, 0, 0
				]
				,"pbrMetallicRoughness": {
					"baseColorFactor": [
						0.4151565, 0.3724085, 0.3273285, 1
					]
					,"metallicFactor": 0
					,"roughnessFactor": 0.75016
				}
				,"alphaMode": "OPAQUE"
				,"doubleSided": true
			}
	],
	"bufferViews" : [
			{
				"buffer": 0
				,"byteOffset" : 0
				,"byteLength" : 145860
				,"byteStride" : 12
				,"target" : 34962
			},
			{
				"buffer": 0
				,"byteOffset" : 145860
				,"byteLength" : 145860
				,"byteStride" : 12
				,"target" : 34962
			},
			{
				"buffer": 0
				,"byteOffset" : 291720
				,"byteLength" : 97240
				,"byteStride" : 8
				,"target" : 34962
			},
			{
				"buffer": 0
				,"byteOffset" : 388960
				,"byteLength" : 112428
				,"target" : 34963
			},
			{
				"buffer": 1
				,"byteOffset" : 0
				,"byteLength" : 23316
				,"byteStride" : 12
				,"target" : 34962
			},
			{
				"buffer": 1
				,"byteOffset" : 23316
				,"byteLength" : 23316
				,"byteStride" : 12
				,"target" : 34962
			},
			{
				"buffer": 1
				,"byteOffset" : 46632
				,"byteLength" : 15544
				,"byteStride" : 8
				,"target" : 34962
			},
			{
				"buffer": 1
				,"byteOffset" : 62176
				,"byteLength" : 19476
				,"target" : 34963
			}
	],
	"buffers" : [
			{
				"byteLength": 501388
				,"uri" : "elo_corrente_0001.bin"
			},
			{
				"byteLength": 81652
				,"uri" : "elo_corrente_0002.bin"
			}
	]
}
